332256.21125681617  4128605.3762128204  68.90436278616231
332254.3726604126  4128606.1234118533  67.74646969769768
332252.4906271134  4128606.9158805455  72.29038663964751
332250.6334126871  4128607.619053368  73.09305003944702
332248.7037228432  4128608.2459778464  73.0930355053634
332246.78423104354  4128608.93929827  72.94484069321054
332244.7944849238  4128609.6673253286  71.33144095578793
332242.9190972084  4128610.3486638493  73.09299167001204
332241.01800289407  4128611.074917171  71.47840148564363
332239.05396459217  4128611.758031258  73.88626920115227
332237.11674405966  4128612.4517088924  71.3313823220993
332235.2679528596  4128613.132516755  73.38136318265539
332233.34070867166  4128613.8814952713  71.47834272905757
332231.4648784542  4128614.5406454387  73.60351227504206
332229.58993704186  4128615.244178005  72.29021156925361
332227.6518294589  4128615.893475916  73.74612531882966
332225.7848651926  4128616.5524499044  71.1456488176572
332223.8396701774  4128617.290690142  72.13374076532034
332221.91131713305  4128617.984193896  72.44376021908826
332220.01864697575  4128618.688083637  72.29013930055251
332218.0993817863  4128619.392506295  68.71867668319582
332216.20582362893  4128620.05201495  74.26634162815188
332214.31248789805  4128620.7226195373  72.94459413879311
332212.4541685743  4128621.3703235826  73.71059458495634
332210.5787857766  4128622.051669529  72.63991383789387
332208.64179183956  4128622.7564494093  72.63989915269623
332206.72163976845  4128623.4164927695  73.74596639607651
332204.87196448806  4128624.0529255415  73.2382167385578
332202.9440587056  4128624.7686247593  72.94450883174335
332200.99731217255  4128625.429201989  74.53771503673362
332199.6897202447  4128625.677383531  85.44211172983024
332197.8537550771  4128625.669746759  95.71515192079558
332196.75845942635  4128625.4474802087  106.87847247570163
332195.59622006386  4128624.982355569  117.06181027125666
332194.3388863057  4128624.197236966  127.43885555684211
332193.2007758092  4128623.165532434  138.01030922480683
332192.47179308126  4128622.1922350936  149.1393470007701
332191.4262880306  4128620.470479988  152.12900512295585
332190.49314062344  4128618.602175812  158.09587352870972
332189.5865881663  4128616.7333391616  157.30911958562484
332188.80414694827  4128614.862017277  161.99271328895762
332188.20676194044  4128612.9314899915  167.07918269665953
332187.94316298526  4128611.2828771663  177.1986244612835
332187.9245216295  4128610.7948530028  -179.49301333168165
332188.09109199245  4128608.926727149  -169.4442288420138
332188.5211721264  4128606.931225187  -162.47030262876095
332189.1203787349  4128605.409634041  -151.6396138017317
332189.6458206606  4128604.633216183  -140.33924401481252
332190.1072293718  4128604.2021788107  -128.83633926545954
332190.47489884746  4128603.9617175697  -118.74061071212135
332192.19999949145  4128602.8615788105  -119.70082450106334
332193.99713250843  4128601.815497747  -114.94635553211616
332195.8164397403  4128600.9909719084  -110.64031763918572
332197.69824757753  4128600.1873948704  -107.76980426544898
332198.3963711809  4128600.062416428  -95.96243554887378
332199.10602598987  4128600.070406443  -84.90593477073261
332199.67606041324  4128600.1921916204  -74.42783573578872
332200.7930885199  4128600.6138224993  -64.30946571684247
332201.5111856733  4128601.0434414293  -53.58508072056492
332202.06240047  4128601.5541015295  -42.744510865244166
332202.6818917778  4128602.3741928977  -31.731443551661503
332203.3370871658  4128603.6486669783  -21.38915069378951
332204.2259074249  4128605.5178600335  -24.69512047703487
332205.13156890275  4128607.3423161954  -23.179287156464387
332205.9674198611  4128609.223669945  -23.380957977031127
332206.8103369244  4128610.572085121  -34.652232690787
332207.3795031959  4128611.0934860297  -45.72612589166064
332207.9542021066  4128611.4482770856  -56.77460450085801
332208.7585053955  4128611.754071153  -67.86803507972144
332209.60491262673  4128611.9480228676  -78.02357086974193
332210.2966139781  4128611.9452733034  -89.11834180330874
332211.57805725565  4128611.7198169883  -99.28734121799614
332212.8552796617  4128611.2835465134  -109.99399146512238
332214.70782536175  4128610.3473598417  -114.64462334389943
332216.5264660249  4128609.4895520164  -111.66217672920894
332218.4248931327  4128608.6301471754  -111.28130049068085
332220.1457960296  4128607.7631970774  -115.05330878251769
332221.94204253773  4128606.672740113  -120.23248348515845
332222.87439443707  4128605.843778041  -131.52608412782908
332223.5835634229  4128604.9415847836  -142.08186509304005
332224.09458985867  4128603.887959379  -153.92499362466228
332224.39329766086  4128602.860784637  -163.9440785146738
332224.46462215367  4128601.9935614048  -174.3963604752565
332224.43645140145  4128601.4724282473  179.9694645874552
332224.2788375255  4128600.687488072  168.90530546193622
332223.8133671753  4128599.586813135  158.89330351093062
332223.04113042395  4128597.781883777  159.36007078239484
332222.2675605217  4128595.910381531  160.39644422288066
332221.47648216865  4128594.0503298175  161.44548221897892
332220.1689628662  4128591.2016232694  155.53545860591996
332219.2358192676  4128589.333316083  155.30495285878072
332218.39885898615  4128587.396483639  158.64576469434738
332217.6705015519  4128585.56847629  160.21121042126975
332216.87786632706  4128583.6307565263  158.84669918472366
332216.1404209918  4128581.791831299  159.55695609015726
332215.36484897137  4128579.8204702022  159.55694772306157
332214.61876002105  4128577.9928180827  157.58452345711902
332213.80019447603  4128576.0889175413  157.52661885622564
332212.9920488022  4128574.2625080193  155.30487736859607
332212.13779978873  4128572.3482221183  156.57225023096868
332211.3786444722  4128570.7539305813  155.2216397564588
332210.57160860253  4128568.98299873  158.61083809740026
332209.7528192369  4128567.0680030566  159.3540727824632
332209.02401413594  4128565.217805406  160.70434004209662
332208.22339875565  4128563.324645849  159.35990680750973
332207.3709249642  4128561.499124323  157.5844411723163
332206.43888642336  4128559.68629589  152.07632420308136
332205.55430484755  4128558.4719140925  141.93584815928057
332204.75064167636  4128557.755409476  131.66791359212752
332203.84326220315  4128557.1741808946  120.89089292409413
332202.68987929047  4128556.7088775006  110.45196192908442
332201.6482103298  4128556.5077359765  99.93678566141354
332200.6016751317  4128556.506490939  89.52307522336814
332199.0990384321  4128556.7585773678  77.95393496211693
332197.8754435133  4128557.215975555  67.45221711857904
332196.9734389299  4128557.789033884  57.09894397816738
332196.25938052265  4128558.4471284687  46.273515010293146
332195.6200205683  4128559.2924263705  35.95587075551276
332195.253259377  4128560.021266457  25.629506681806998
332194.9556640382  4128561.103919703  14.450731688683717
332194.84445955337  4128562.193940641  4.160736645958731
332194.9373761903  4128563.2909742324  -6.394325900067775
332195.24372338515  4128564.417033951  -16.74498031904471
332196.10506480007  4128566.2423768193  -22.428372069604862
332196.9579850472  4128568.090088265  -19.978109230744113
332197.4846712956  4128570.0331316767  -11.511995435602437
332197.5975396134  4128571.2407651916  -1.1471133757839007
332197.49297846097  4128572.21965367  9.217764601526103
332197.20424854965  4128573.3021293487  19.609937842223474
332196.3630342202  4128575.139363877  29.437313635030577
332195.760024976  4128576.028333747  39.62732331477422
332195.06503168255  4128576.7526464323  49.881708012106
332194.1213698168  4128577.459738646  59.96409646328463
332192.8652059309  4128578.062089157  70.00596225386282
332191.78921159497  4128578.3611336765  81.3119256521425
332189.90337778296  4128578.5209957887  92.26358691496922
332187.81517853047  4128578.3186125793  96.91731220451435
332185.7857024174  4128577.948554825  103.16790565154565
332183.7941308123  4128577.6998378644  93.57765398243745
332182.82051909785  4128577.797034353  83.45668249351674
332181.60312692437  4128578.1211116277  72.44357593565026
332180.3735593988  4128578.722931457  62.015191514524794
332178.8182260595  4128579.8862723312  52.81066175045403
332177.57517324726  4128581.1432592543  42.1038558586583
332177.0676832616  4128581.9304182515  31.530481964295053
332176.56132723467  4128583.2170519927  20.629117384959386
332176.1740186027  4128585.1339984285  10.148707416711964
332176.1541349721  4128586.355390306  -1.147265504927638
332176.365411727  4128587.6054527443  -11.391362008959065
332176.8641504317  4128589.0384574425  -21.780307511363027
332177.590271877  4128590.3115093773  -32.65225325556547
332178.21552078135  4128590.9760846016  -42.65706281817039
332179.0621759043  4128591.625126058  -52.849394733705324
332180.05709411175  4128592.149099137  -63.45410461278418
332180.94916297856  4128592.4087333404  -74.09324113734503
332182.1138291662  4128592.5519092926  -84.28497706707367
332183.6202362877  4128592.488442942  -94.5258761841984
332185.62506850436  4128592.0708976095  -103.25686549921551
332187.5820202187  4128591.4767124997  -106.49525092430487
332189.4664957769  4128590.806279581  -108.2011749995362
332191.3680353544  4128590.102205579  -108.20116032844348
332193.2347811968  4128589.432128569  -107.70998376033025
332195.2076868602  4128588.748826309  -108.36004932397732
332197.02877451613  4128588.013064788  -109.81869344325581
332198.92920443043  4128587.2535150885  -109.81867865312311
332200.8830477105  4128586.5039962684  -110.10841990379986
332202.7723914753  4128585.6336700507  -111.89981423388437
332204.66373508365  4128584.8632037058  -110.28253338017915
332207.4814763161  4128583.8521901635  -113.58250317797597
332209.3007887426  4128583.0276674516  -113.79270421603984
332211.17195947963  4128582.135507207  -114.35590341709171
332212.99149475945  4128581.322080816  -111.4699879049977
332214.89081673755  4128580.507057383  -113.60561828707904
332216.75490060553  4128579.703839857  -112.94796069584243
332218.63471581787  4128578.8004083494  -114.35584320980601
332220.4449430456  4128577.9649701365  -114.35582855486909
332222.86973367457  4128576.817530026  -119.70053132055682
332223.9430431359  4128575.941346489  -130.27632618961195
332224.2887638928  4128575.490427448  -140.33889899735667
332225.0927666818  4128574.0091390787  -150.68529362808385
332225.3675460835  4128573.115642806  -162.17047212162456
332225.4581564188  4128572.325733106  -172.17821368931084
332225.42754228984  4128571.68254956  179.9560392548308
332225.25130929425  4128570.8535823845  169.02278898538654
332224.62777922576  4128568.945776243  161.9745889326774
332223.8114366394  4128567.152829713  156.5590964434035
332222.98400718963  4128565.2491058256  159.73935152471032
332222.3866275029  4128563.3185763955  164.6635328584869
332221.8783435613  4128561.4084631247  166.6091880670254
332221.3248449963  4128559.45485535  164.29647775184634
332220.5621362461  4128557.6830351683  153.94867599882656
332220.01489803777  4128556.9280955247  142.44322260430067
332219.4909436227  4128556.4501882223  132.2980747261872
332218.68750367645  4128555.744777799  143.72330171612361
332218.3193458796  4128555.075052403  153.9486547954639
332218.24509231234  4128554.91003995  143.66956454817492
332219.5778182524  4128556.3596494053  138.04494250807207
332221.04418778035  4128557.839883229  132.17187231798692
332221.8367629086  4128558.445611932  122.10152918768864
332222.4653220464  4128558.832625613  111.06870689602462
332223.27760625666  4128559.0938617554  100.63583651130283
332224.0601849981  4128559.2002935456  90.2058493748378
332224.92830556165  4128559.1496137  80.126523364698
332226.8702026455  4128558.6889390107  73.15946360534438
332227.0916098532  4128558.6734065004  63.10133885420598
332225.40815576294  4128559.639504229  59.70160546603524
332224.60544370644  4128560.299371156  48.66135361222332
332224.1123463642  4128560.9197397497  37.904829261100936
332223.6077385744  4128561.851137104  27.69263630250595
332223.4419862717  4128562.4316523513  15.974190017533113
332223.40079063806  4128563.0318737994  5.819968910742606
332223.47486250167  4128564.073785091  -4.337492123180545
332223.79429154715  4128565.410482575  -14.678368061608337
332224.60354619817  4128567.2923705196  -20.69717433973199
332225.37689559266  4128569.1527774846  -19.38823889518779
332226.2118565268  4128570.9897511546  -24.69504317825975
332226.91004333424  4128572.1967666214  -34.72898455915553
332227.66073438607  4128572.9254336385  -46.016548546612455
332228.4426654527  4128573.442576461  -57.38577377914642
332229.06811336684  4128573.6742537166  -68.29382319178067
332229.7177132951  4128573.783348175  -79.69173712533022
332230.3737349496  4128573.770214799  -89.80675521084673
332231.1157426509  4128573.6221608063  -99.87346158616847
332232.9403904092  4128573.063935188  -105.97615668022388
332234.8494696529  4128572.2931209095  -110.45954587192759
332236.6829634382  4128571.2907215273  -118.74019348071714
332237.57343839447  4128570.5846990766  -129.04489250138084
332238.25801573356  4128569.7828990957  -139.91845882022778
332238.63497793145  4128569.120456473  -150.4562724504403
332238.88627309434  4128568.3828299893  -160.66351910880329
332239.13132956834  4128566.8905326407  -171.31653747883757
332239.21037179616  4128565.0796604855  179.94300924185578
332238.9866851466  4128563.652246418  169.44787544758773
332238.3031007065  4128561.845541068  159.40802773042697
332237.55701555935  4128560.017887071  160.17618084921682
332236.7832239993  4128558.13528809  159.18411860208596
332235.98305871256  4128556.2643170785  158.1230815914922
332235.18355945544  4128554.426632609  157.07670962778658
332234.39225869393  4128552.5554842637  157.83018068537936
332233.6107112753  4128550.728540476  155.08115733567502
332232.7037182279  4128548.8375084475  154.2412149747798
332231.7796608027  4128546.980117932  158.09601964151923
332230.8119434304  4128545.156901364  151.6310068579922
332230.21284707414  4128544.4695988763  140.6678605050426
332229.3466843077  4128543.732143299  129.40044191811015
332228.3686058484  4128543.1634273953  118.54334454539793
332227.1538326691  4128542.73264945  108.34615382842861
332225.63277605706  4128542.5078023667  97.66144502806489
332224.3654980466  4128542.55537331  86.82439692545037
332222.5290910065  4128542.9695366602  76.51547924999021
332220.61778447725  4128543.629398608  72.13388686349218
332218.76100221137  4128544.354769017  70.65746828194233
332216.78897280054  4128545.0824472317  72.79385978247427
332214.9794049964  4128545.951172435  68.15467492169788
332213.2072976397  4128546.919047486  63.391802423688105
332211.4631191446  4128547.952963388  65.55380390665836
332209.75306888565  4128548.919596724  62.511555686285426
332209.13452635973  4128549.4758782336  50.676801916099585
332208.7116844172  4128550.0615412714  38.381947790620096
332208.3710728921  4128550.767657239  27.06494731667429
332208.16410562646  4128551.5043971897  16.144052703528896
332208.03761257103  4128552.7168232836  5.3646022779528595
332208.13541492564  4128554.0579577666  -4.91162045192683
332208.5727809455  4128555.969490307  -14.006308113021978
332209.3275158606  4128557.7858689525  -21.66338262126631
332210.1270206481  4128559.623551149  -22.16997704643764
332210.9706288158  4128561.449250433  -19.687336297027407
332211.80648223084  4128563.3306047516  -21.389167936441584
332212.6057638762  4128565.157191671  -20.414459479728873
332213.4504817737  4128567.0383686414  -20.640054798900444
332214.28522341244  4128568.8642457244  -21.663327512967953
332215.12971846503  4128570.734327357  -22.415491290293506
332215.98285618186  4128572.593136081  -22.673094673009356
332216.6230076258  4128574.4451092063  -13.631227510362368
332216.90544255544  4128576.1488451613  -3.352091480261277
332216.9095239902  4128578.124552676  6.438155184831214
332216.5064749416  4128580.141711321  16.37126910499457
332215.9509206316  4128581.6291262773  26.734479539924582
332215.08397560683  4128583.067276112  37.051526909943696
332213.8442504271  4128584.4906898728  47.4236763703694
332212.6656721225  4128585.424482208  57.69168307113634
332211.55135061534  4128586.023989975  67.8892154572614
332209.7666106215  4128586.803420246  70.18140284569296
332207.8659575941  4128587.55187196  70.35361627077158
332205.929844316  4128588.3010341334  70.35360194434774
332204.0201046284  4128589.0385687565  69.54021073810115
332202.1903736993  4128589.7856017463  69.35976152132905
332200.3083409101  4128590.5780821755  68.8464402910319
332198.42586411536  4128591.348372059  68.2729339202171
332196.55536322924  4128592.2738217544  63.98276043698272
332194.6906174014  4128593.043757473  69.5401372651827
332192.75495079637  4128593.815113764  69.54012145903293
332190.87358626124  4128594.640882857  65.78864016769829
332189.0079526894  4128595.366437908  71.47808630181115
332187.13212116424  4128596.0255979537  70.82726074390739
332185.2578452424  4128596.7624268783  69.5861067327516
332183.2605687165  4128597.557219096  68.90388806557655
332181.38629343954  4128598.294048913  71.15841232142785
332179.49982037913  4128598.864624299  76.5150848665502
332177.67007068155  4128599.167665547  86.80473843312616
332176.188260332  4128599.130740965  96.99302503229177
332174.94092006347  4128598.8449222893  107.04841104029714
332173.7866520653  4128598.3352410137  117.59522068131868
332172.76269445656  4128597.689750881  127.63418356417758
332171.6702367205  4128596.723734358  138.90161826220137
332170.6223034009  4128595.323928492  149.34509179674498
332169.59585432406  4128593.668393781  151.630703627267
332168.6653659236  4128591.933237753  154.7655792047245
332167.6963056162  4128590.043455097  154.24086066160464
332166.8260947721  4128588.2182925  157.84945907413712
332166.07910676306  4128586.3462623656  161.97421354814364
332165.34165024676  4128584.5073412247  158.65135474372806
332164.5689550466  4128582.6802258254  159.4198528674786
332163.75082268944  4128580.798520768  158.06996172220906
332162.96815061  4128578.916105586  162.8489184605444
332162.4435037877  4128577.960918024  152.6700224078081
332161.661720069  4128576.122884926  158.94187134107142
332160.9399921672  4128574.183749598  156.54474277328873
332160.5471874907  4128572.7264241497  167.27473208101694
332160.3662577199  4128571.2204555017  178.2581258903567
332160.38351993647  4128570.753912149  -179.3643607118192
332160.52775966143  4128569.985127217  -168.12464459441946
332160.86281086365  4128569.0016218033  -157.21178323087946
332161.51876229217  4128567.6564912684  -146.0730934505288
332162.6913145445  4128565.979116096  -139.83553316640007
332163.36990911525  4128565.3217287255  -128.6722133938809
332164.89244921034  4128564.2922411286  -117.51386222597729
332166.67741271947  4128563.5238968423  -109.93747950141265
332168.6110845676  4128562.6526752906  -112.5087497387936
332170.5115181777  4128561.893119286  -108.52196929545813
332172.2789745192  4128561.136226805  -111.47021036461045
332174.1689881863  4128560.2991807475  -112.11097583292643
332175.9878586142  4128559.452459915  -112.97366956047848
332177.91377809166  4128558.6368955746  -111.54021496129428
332179.79514984664  4128557.8111238526  -113.1731098441301
332181.64195001614  4128557.030444648  -110.73490613738062
332183.53485391475  4128556.3376421686  -109.8187066149409
332185.4607747664  4128555.5220796154  -112.35296008338267
332187.35079089034  4128554.6850366234  -110.8239587173776
332189.2326087383  4128553.88145807  -113.17303426162587
332191.06145802443  4128553.090040556  -111.54011113858047
332192.94327655144  4128552.286462861  -111.8578314972415
332194.7716821545  4128551.4728551973  -112.29620388869616
332196.67898605845  4128550.6132683656  -112.35287068514712
332198.534210074  4128549.8102245033  -110.10834497007835
332200.4791971089  4128549.0608834396  -108.8293075351335
332202.4057876106  4128548.278611376  -109.7690369143967
332204.243060107  4128547.46482834  -111.4270476880857
332206.08853165293  4128546.61758174  -110.90275363626387
332207.97855165263  4128545.78054355  -109.6037094155225
332209.7460144449  4128545.02365922  -108.82923494900683
332211.62716994603  4128544.1867993777  -112.0255539920002
332213.51719099574  4128543.349762478  -110.21595368143612
332215.39856936265  4128542.523999002  -107.91486313214351
332217.3065436558  4128541.6977034905  -110.04885331092396
332219.18061252206  4128540.9497868186  -104.84136481723584
332221.0101335982  4128540.191662519  -110.45955856594811
332222.91921960225  4128539.4208457805  -111.42690048836391
332224.733010125  4128538.762936707  -108.85417989551125
332226.7697635814  4128538.167163973  -98.34559369710301
332227.88611180196  4128538.111515068  -87.86104639558047
332228.5359365995  4128538.231705015  -77.86008136837788
332229.5984471309  4128538.587831852  -66.67567350900302
332230.98034649657  4128539.3926622923  -55.6538675979687
332232.1262172302  4128540.3687171284  -45.511818816195564
332233.16350387566  4128541.6799439965  -34.80354597305213
332233.95589670574  4128543.1625725836  -23.708517864623197
332234.7272467184  4128544.9231209313  -21.630218764586683
332235.5537866233  4128546.7824639343  -20.87067681913331
332236.30031741445  4128548.632308753  -19.60354379905162
332237.1359439557  4128550.502569918  -22.223250106691225
332237.92568943556  4128552.296050065  -21.66319640675014
332238.74425129395  4128554.1999527877  -20.123321948989318
332239.5091775274  4128556.082729403  -20.11728798791211
332240.38846224523  4128557.9188170517  -23.185955780141054
332241.29523057427  4128559.798754352  -22.659572451539614
332242.1476969439  4128561.624279075  -22.923232691903035
332243.04404458485  4128563.4267255734  -23.68812993831061
332243.86216013844  4128565.3084377665  -20.870585780766422
332244.50252785697  4128567.1715082964  -15.716272916749602
332245.11009997164  4128569.168434614  -14.522951414675378
332245.3198118436  4128570.340829979  -4.413145834236683
332245.2719706561  4128571.052183649  5.986275886657181
332245.10090568697  4128571.8104037517  16.056138244455042
332244.77802251675  4128572.516163263  26.89557838766526
332244.38110861194  4128573.0680056144  39.15634757793855
332243.9633549008  4128573.4648660356  49.53786147051409
332243.0365306936  4128574.1272156932  59.70167607791927
332241.7628549794  4128574.7410091585  69.82775337958303
332239.8342685229  4128575.4234128683  74.53808018623594
332237.9129926852  4128576.027971124  74.31451604608817
332236.01875680796  4128576.654188397  72.44394891307765
332234.0897269483  4128577.3144024774  71.77580356680511
332232.12479250814  4128577.953135934  73.11059029890104
332230.2493983852  4128578.6344770477  70.82759549903842
332228.38353609364  4128579.3489275877  69.54039992164749
332226.38427278097  4128580.487846952  60.558782498730686
332224.7096884788  4128581.4537675246  57.34388324951708
332224.11796516523  4128582.020611046  47.27363410034506
332223.52159740636  4128582.798446439  36.620684528980355
332222.90640918165  4128583.965156554  25.93604747368316
332222.65933661384  4128584.9135979423  14.24029913760798
332222.5756130898  4128586.0474679465  4.2229839550397985
332222.69003271154  4128587.332770139  -5.982572880563309
332223.1331494012  4128589.088788986  -16.925551045688863
332223.97475294373  4128590.814630034  -27.145091636363443
332224.11594913877  4128591.222500959  -20.414333909607603
332224.7321271786  4128592.320158677  -31.390985714491702
332225.1851580894  4128592.7994861146  -42.699900639180505
332225.78822987253  4128593.2425098843  -53.502961231116764
332226.3879695639  4128593.5191013147  -64.30930663697897
332226.95867033064  4128593.674174824  -74.7376916938691
332227.5623881486  4128593.7064880338  -85.69972164415778
332228.4030211917  4128593.611958898  -96.49289200514549
332230.3371558146  4128593.206939662  -100.5332407691106
332232.2945541078  4128592.6349560698  -106.76153552192382
332234.1772554232  4128591.8757693814  -109.64622257945011
332236.14107604383  4128591.181558827  -106.49492031608062
332238.061459747  4128590.5326180616  -106.11370030963104
332239.9545819591  4128589.8509236765  -108.04473381533649
332241.8731893082  4128589.113219876  -108.20081431340434
332243.8454320467  4128588.3966427227  -107.79618866215031
332245.7301342283  4128587.7373181246  -105.5964068295218
332247.66824964865  4128587.0880246917  -107.7096084768248
332249.57821518765  4128586.3615956516  -108.20075576348574
332251.5070218367  4128585.690289605  -107.055082734031
332253.41787638643  4128585.008243429  -106.76137543701725
